game,score,record,mean_score,steps,elapsed_s
76,3,3,0.04,56,1.6
77,12,12,0.19,144,1.8
78,7,12,0.28,79,1.9
79,7,12,0.37,100,2.0
80,4,12,0.41,54,2.1
81,7,12,0.49,91,2.2
82,2,12,0.51,61,2.3
83,7,12,0.59,73,2.4
84,2,12,0.61,17,2.5
85,6,12,0.67,98,2.6
86,2,12,0.69,38,2.7
87,11,12,0.80,160,2.9
88,12,12,0.93,136,3.1
89,11,12,1.04,173,3.4
90,12,12,1.17,173,3.6
91,4,12,1.20,60,3.7
92,10,12,1.29,139,3.9
93,16,16,1.45,191,4.1
94,10,16,1.54,97,4.3
95,12,16,1.65,128,4.5
96,4,16,1.68,58,4.6
97,12,16,1.78,183,4.8
98,4,16,1.81,54,4.9
99,21,21,2.00,250,5.2
100,9,21,2.07,100,5.3
101,20,21,2.25,212,5.6
102,7,21,2.29,70,5.7
103,7,21,2.34,102,5.8
104,5,21,2.37,55,5.9
105,27,27,2.60,313,6.3
