game,score,record,mean_score,steps,elapsed_s
1,2,2,2.00,253,0.8
2,3,3,2.50,231,1.6
3,2,3,2.33,119,2.0
4,2,3,2.25,165,2.7
5,3,3,2.40,174,3.3
6,2,3,2.33,106,3.7
7,2,3,2.29,71,4.0
8,2,3,2.25,95,4.4
9,2,3,2.22,108,4.8
10,2,3,2.20,115,5.4
11,4,4,2.36,177,6.2
12,3,4,2.42,126,6.6
13,2,4,2.38,130,7.2
14,2,4,2.36,25,7.3
15,4,4,2.47,146,7.8
16,4,4,2.56,116,8.3
17,2,4,2.53,57,8.5
18,2,4,2.50,52,8.8
19,4,4,2.58,102,9.1
20,4,4,2.65,130,9.6
21,3,4,2.67,49,9.8
22,6,6,2.82,158,10.4
23,2,6,2.78,21,10.5
24,5,6,2.88,107,11.0
25,3,6,2.88,55,11.2
26,3,6,2.88,63,11.5
27,5,6,2.96,135,12.0
28,5,6,3.04,51,12.2
29,3,6,3.03,72,12.5
30,8,8,3.20,113,12.9
31,4,8,3.23,48,13.1
32,9,9,3.41,140,13.7
33,10,10,3.61,152,14.3
34,2,10,3.56,43,14.4
35,3,10,3.54,42,14.6
36,3,10,3.53,43,14.8
37,9,10,3.68,106,15.2
38,8,10,3.79,133,15.7
39,2,10,3.74,42,15.9
40,2,10,3.70,18,16.0
41,25,25,4.22,269,17.0
42,3,25,4.19,52,17.3
43,6,25,4.23,76,17.6
44,3,25,4.20,92,18.0
45,3,25,4.18,23,18.1
46,3,25,4.15,32,18.3
47,12,25,4.32,150,18.9
48,31,31,4.88,388,20.3
49,10,31,4.98,98,20.7
50,18,31,5.24,227,21.6
51,21,31,5.55,226,22.5
52,14,31,5.71,149,23.2
53,8,31,5.75,95,23.6
54,17,31,5.96,171,24.3
55,25,31,6.31,224,25.1
56,22,31,6.59,206,26.0
57,6,31,6.58,64,26.2
58,2,31,6.50,33,26.4
59,27,31,6.85,283,27.6
60,24,31,7.13,232,28.5
61,26,31,7.44,218,29.3
62,25,31,7.73,190,30.1
63,26,31,8.02,244,31.0
64,8,31,8.02,75,31.3
65,17,31,8.15,136,31.8
66,25,31,8.41,275,32.8
67,31,31,8.75,361,34.1
68,33,33,9.10,350,35.4
69,8,33,9.09,59,35.7
70,35,35,9.46,272,36.7
71,27,35,9.70,240,37.6
72,29,35,9.97,280,38.6
73,22,35,10.14,190,39.3
74,48,48,10.65,513,41.1
75,18,48,10.75,160,41.7
76,34,48,11.05,277,42.7
77,57,57,11.65,676,45.1
78,58,58,12.24,604,47.3
79,30,58,12.47,298,48.4
80,49,58,12.93,518,50.3
81,50,58,13.38,473,52.0
82,51,58,13.84,484,53.7
83,40,58,14.16,406,55.2
84,53,58,14.62,491,57.0
85,54,58,15.08,613,59.1
86,34,58,15.30,282,60.2
87,54,58,15.75,590,62.3
88,58,58,16.23,555,64.3
89,36,58,16.45,293,65.4
90,56,58,16.89,651,67.7
91,51,58,17.26,584,69.8
92,35,58,17.46,325,71.2
93,69,69,18.01,778,74.0
94,53,69,18.38,590,76.1
95,65,69,18.87,758,78.8
96,57,69,19.27,570,80.8
97,83,83,19.93,951,84.3
98,66,83,20.40,612,86.5
99,62,83,20.82,706,89.1
100,51,83,21.12,560,91.2
101,86,86,21.76,1138,95.4
102,39,86,21.93,400,96.8
103,42,86,22.13,389,98.3
104,76,86,22.64,920,101.6
105,44,86,22.85,377,103.0
106,27,86,22.89,269,104.0
107,34,86,22.99,325,105.2
108,71,86,23.44,956,108.7
109,63,86,23.80,703,111.3
110,70,86,24.22,704,113.9
111,41,86,24.37,335,115.1
112,84,86,24.90,1012,118.8
113,51,86,25.13,420,120.4
114,62,86,25.46,722,123.1
115,42,86,25.60,399,124.6
116,45,86,25.77,385,126.1
117,66,86,26.11,699,128.7
118,72,86,26.50,609,130.9
119,37,86,26.59,372,132.3
120,44,86,26.73,403,133.8
121,79,86,27.17,1102,137.9
122,75,86,27.56,863,141.1
123,65,86,27.86,682,143.6
124,79,86,28.27,792,146.5
125,37,86,28.34,360,147.9
126,54,86,28.55,494,149.8
127,65,86,28.83,579,152.1
128,79,86,29.23,914,155.5
129,63,86,29.49,631,157.8
130,99,99,30.02,1144,161.8
131,67,99,30.31,630,164.2
132,50,99,30.45,510,166.2
133,59,99,30.67,554,168.2
134,81,99,31.04,959,171.7
135,36,99,31.08,294,172.8
136,67,99,31.35,709,175.5
137,60,99,31.55,644,177.9
138,32,99,31.56,317,179.2
139,85,99,31.94,1065,183.0
140,73,99,32.24,785,186.0
141,84,99,32.60,1025,189.7
142,46,99,32.70,438,191.4
143,62,99,32.90,568,193.6
144,69,99,33.15,679,196.1
145,62,99,33.35,652,198.6
146,77,99,33.65,1051,202.6
147,61,99,33.84,711,205.3
148,76,99,34.12,947,208.8
149,72,99,34.38,862,212.0
150,52,99,34.49,562,214.1
151,71,99,34.74,720,216.8
152,56,99,34.88,495,218.7
153,61,99,35.05,591,221.1
154,75,99,35.31,747,224.0
155,77,99,35.57,835,227.1
156,79,99,35.85,917,230.5
157,67,99,36.05,652,233.0
158,78,99,36.32,999,236.7
159,51,99,36.41,517,238.8
160,80,99,36.68,852,242.0
161,28,99,36.63,225,242.9
162,39,99,36.64,356,244.4
163,36,99,36.64,274,245.6
164,49,99,36.71,448,247.4
165,39,99,36.73,352,248.8
166,19,99,36.62,159,249.5
167,96,99,36.98,1294,254.3
168,49,99,37.05,461,256.2
169,43,99,37.08,395,257.8
170,75,99,37.31,796,260.9
171,85,99,37.58,936,264.5
172,25,99,37.51,204,265.4
173,77,99,37.74,842,268.7
174,79,99,37.98,1081,272.9
175,87,99,38.26,965,276.7
176,74,99,38.46,749,279.7
177,66,99,38.62,684,282.5
178,63,99,38.75,700,285.4
179,66,99,38.91,719,288.3
180,81,99,39.14,1055,292.5
181,89,99,39.41,1026,296.6
182,47,99,39.46,392,298.2
183,75,99,39.65,863,301.7
184,79,99,39.86,794,305.0
185,62,99,39.98,668,307.7
186,73,99,40.16,850,311.2
187,87,99,40.41,1125,315.8
188,32,99,40.37,265,316.9
189,57,99,40.46,598,319.4
190,74,99,40.63,795,322.6
191,45,99,40.65,425,324.4
192,49,99,40.70,488,326.5
193,75,99,40.88,902,330.1
194,79,99,41.07,874,333.6
195,50,99,41.12,534,335.9
196,99,99,41.41,1087,340.1
197,79,99,41.60,974,344.0
198,83,99,41.81,889,347.7
199,76,99,41.98,1014,351.7
200,59,99,42.07,629,354.3
201,53,99,42.12,570,356.7
202,45,99,42.14,379,358.3
203,79,99,42.32,842,361.7
204,63,99,42.42,790,365.0
205,64,99,42.53,604,367.5
206,85,99,42.73,987,371.5
207,36,99,42.70,286,372.8
208,83,99,42.89,952,376.6
209,49,99,42.92,513,378.7
210,97,99,43.18,1075,383.0
211,81,99,43.36,853,386.5
212,60,99,43.44,675,389.4
213,72,99,43.57,824,392.8
214,78,99,43.73,884,396.6
215,83,99,43.92,1001,400.8
216,59,99,43.99,535,403.1
217,49,99,44.01,433,405.0
218,67,99,44.11,733,408.0
219,73,99,44.25,774,411.3
220,52,99,44.28,474,413.3
221,46,99,44.29,421,415.1
222,40,99,44.27,365,416.7
223,79,99,44.43,893,420.4
224,46,99,44.43,453,422.3
225,63,99,44.52,598,424.9
226,96,99,44.74,1265,430.2
227,71,99,44.86,735,433.3
228,80,99,45.01,886,436.9
229,85,99,45.19,1028,441.1
230,77,99,45.33,956,445.1
231,55,99,45.37,523,447.4
232,59,99,45.43,685,450.3
233,87,99,45.61,1063,454.7
234,64,99,45.68,764,458.1
235,67,99,45.77,790,461.4
236,46,99,45.78,422,463.3
237,79,99,45.92,930,467.2
238,83,99,46.07,1029,471.6
239,71,99,46.18,597,474.2
240,59,99,46.23,528,476.4
241,55,99,46.27,526,478.8
242,79,99,46.40,1050,483.2
243,94,99,46.60,1232,488.3
244,58,99,46.64,596,490.9
245,68,99,46.73,745,494.1
246,97,99,46.93,1213,499.0
247,41,99,46.91,406,500.8
248,59,99,46.96,646,503.6
249,79,99,47.09,756,506.9
250,50,99,47.10,494,509.0
251,69,99,47.19,794,512.3
252,34,99,47.13,335,513.8
253,62,99,47.19,663,516.7
254,61,99,47.25,736,519.8
255,45,99,47.24,390,521.5
256,73,99,47.34,897,525.3
257,82,99,47.47,859,529.0
258,71,99,47.57,920,532.9
259,59,99,47.61,622,535.7
260,70,99,47.70,688,538.7
261,92,99,47.87,1183,543.6
262,52,99,47.88,519,545.9
263,86,99,48.03,931,549.9
264,64,99,48.09,671,552.9
265,41,99,48.06,327,554.4
266,103,103,48.27,1373,560.1
267,89,103,48.42,1039,564.5
268,55,103,48.44,548,566.9
269,46,103,48.43,487,569.1
270,73,103,48.53,779,572.5
271,62,103,48.58,575,575.1
272,87,103,48.72,1124,579.8
273,64,103,48.77,644,582.7
274,46,103,48.76,417,584.5
275,46,103,48.75,433,586.5
276,101,103,48.94,1380,592.4
277,67,103,49.01,652,595.2
